P = [0 1 0 0;
   0 0.4 0.6 0;
   0 0.16 0.48 0.36;
   0.064 0.288 0.432 0.216];
P = P - eye(4, 4);
P = P.';
P(4, :) = ones(1, 4)

B = zeros (4, 1);
B(4) = 1;

pi = P \ B